0 1
2 3
4 5
6 7
8 9
10 11
12 13
14 15
16 17
18 3
7 19
5 20
20 21
22 23
23 24
23 25
25 26
21 27
28 29
30 31
32 33
34 35
29 36
36 37
31 38
39 40
41 42
43 44
38 45
38 46
47 48
49 50
51 52
53 54
55 56
57 58
59 60
37 61
26 62
63 64
65 66
67 68
69 70
35 71
72 73
74 75
76 77
68 46
71 78
62 79
78 80
78 81
19 82
82 80
80 81
80 83
83 84
84 85
86 87
81 88
89 33
33 90
91 92
93 94
95 96
97 98
99 100
101 102
95 103
95 95
104 105
87 106
107 87
108 109
110 111
112 113
114 115
116 117
107 118
113 119
120 121
122 123
124 125
126 127
128 129
130 131
132 133
132 134
135 136
137 138
139 140
141 142
143 144
145 146
147 148
149 150
136 151
137 152
151 153
152 154
155 156
157 158
159 160
161 162
163 164
165 163
163 166
167 168
169 170
171 172
173 174
166 175
176 166
177 178
179 180
181 182
183 184
185 186
187 188
189 190
191 192
193 194
195 196
197 198
199 200
201 202
203 204
205 206
207 208
209 210
211 212
213 214
215 216
214 217
217 218
219 220
221 213
222 223
224 225
226 213
227 228
229 230
231 232
233 234
235 236
226 161
237 235
238 239
240 241
242 243
244 245
246 153
247 248
249 250
218 251
252 253
254 255
256 257
160 258
259 237
154 260
261 161
262 263
264 265
266 267
268 269
270 271
272 273
274 275
276 277
278 279
280 281
282 283
153 284
285 286
287 288
289 281
290 291
275 292
293 294
295 296
297 298
299 300
301 302
303 304
305 306
307 308
309 310
297 311
311 312
313 314
315 316
85 317
318 319
314 320
321 322
302 323
324 325
326 318
327 318
328 327
329 330
331 321
332 333
334 335
336 337
338 327
339 340
341 338
342 338
312 343
344 341
345 341
345 346
347 348
349 300
350 351
300 352
353 354
352 355
323 356
357 358
355 359
356 360
360 361
362 359
363 364
364 365
361 362
366 367
368 369
370 371
351 368
372 368
371 254
371 373
254 351
374 372
373 375
376 377
378 379
258 380
367 381
382 261
380 383
384 381
385 382
386 387
388 389
390 391
392 393
394 395
396 397
398 399
400 401
402 403
404 405
406 407
408 409
410 411
412 413
414 415
416 417
418 419
397 420
397 421
422 423
424 425
426 427
428 429
430 431
420 432
420 433
431 434
435 436
437 438
439 440
441 442
434 443
441 444
445 446
447 448
449 441
417 449
450 451
449 452
453 454
455 456
457 458
459 460
461 462
463 464
464 465
466 417
467 452
468 469
423 467
470 471
472 473
474 475
472 476
477 478
479 480
481 482
483 484
482 485
486 487
488 489
490 486
489 491
492 493
494 495
496 494
497 498
499 495
500 496
501 498
502 503
504 502
423 402
505 456
455 503
506 504
507 508
509 507
510 511
510 512
508 513
514 509
515 512
516 517
517 518
519 520
518 521
515 522
523 524
525 526
527 521
521 528
529 530
531 532
399 402
533 534
535 530
536 537
538 535
528 532
369 539
540 541
542 543
499 544
545 490
546 370
547 484
548 549
491 550
551 417
552 553
554 555
524 477
540 556
557 558
559 560
548 561
562 563
547 564
565 552
566 552
567 568
569 556
570 542
571 572
573 531
574 575
576 577
563 578
563 579
580 565
565 566
564 581
564 582
570 583
573 570
584 585
586 580
587 588
578 589
579 578
582 581
581 590
583 591
576 592
593 576
539 594
589 595
596 597
598 546
599 587
600 587
601 602
592 603
593 592
604 599
599 600
605 606
607 608
603 609
610 601
611 610
610 612
613 604
614 548
615 616
617 605
618 605
619 611
612 611
501 499
620 621
622 619
623 501
624 617
617 618
615 625
626 455
627 628
625 629
625 630
537 478
631 624
632 633
634 515
635 620
636 620
629 637
630 629
528 638
639 635
635 636
637 640
641 639
591 573
642 643
644 645
582 590
646 647
648 591
649 650
586 566
590 651
579 595
568 586
613 600
630 640
652 653
631 618
609 593
641 636
612 622
654 655
656 657
595 658
659 641
660 631
640 661
662 622
663 613
664 609
662 665
660 666
659 537
663 667
668 669
670 664
671 672
673 674
669 675
676 677
678 679
680 681
682 683
684 685
686 687
688 689
690 691
472 692
693 694
692 464
695 696
697 695
698 695
699 700
697 701
702 703
523 697
704 705
706 698
707 696
708 709
692 474
399 710
711 712
713 474
696 714
715 523
716 523
717 713
718 719
720 721
628 722
723 724
725 716
726 632
727 725
728 715
729 728
730 731
732 733
669 689
415 734
735 736
737 689
727 738
738 727
739 362
740 741
742 743
744 745
746 747
748 739
739 749
750 751
752 753
754 755
729 738
756 389
757 386
756 758
759 757
760 761
761 760
761 762
762 763
722 764
765 726
734 766
767 748
749 768
710 769
645 770
766 771
772 773
774 775
776 767
768 777
769 778
770 779
780 781
782 729
783 784
764 785
786 765
787 788
789 790
785 791
792 786
793 794
795 796
797 798
799 759
758 800
801 802
803 793
804 805
806 807
808 809
800 810
811 803
812 799
813 814
815 816
791 817
818 819
820 792
821 822
823 824
825 826
827 828
829 830
831 832
833 834
835 836
837 838
839 840
841 842
843 811
844 845
846 847
771 848
771 849
850 851
852 853
854 838
838 855
856 857
858 859
860 861
862 863
864 865
866 867
868 869
870 871
872 873
874 875
876 877
859 846
878 879
867 795
880 881
877 882
879 883
884 885
886 887
888 889
890 891
892 893
894 895
896 897
898 899
900 901
902 903
904 905
906 907
908 909
910 911
912 913
914 915
916 917
918 919
920 921
876 874
922 923
924 925
926 927
928 929
930 931
932 933
881 878
934 935
936 937
938 939
940 941
942 943
944 945
946 947
948 949
950 951
952 953
954 955
956 957
958 959
960 961
962 963
964 965
966 967
968 969
443 545
970 443
971 972
973 974
763 975
976 545
977 978
914 979
980 981
982 983
984 985
976 986
987 976
988 989
990 782
991 992
993 994
995 996
997 998
959 999
993 1000
970 1001
970 1002
1003 1004
999 1005
1006 1007
1008 914
1009 1010
1011 1012
1013 1014
1015 1016
1017 993
1018 1019
1020 1021
1022 1023
1024 1025
1026 1017
1027 1028
1029 1026
1030 820
817 1031
1032 1029
1033 1030
1031 1034
1035 1036
1037 1038
1002 1039
1040 1006
1001 1041
1042 987
550 1043
1044 1035
1038 934
1036 1045
1039 1046
1047 1037
1048 1040
1041 1049
1050 1042
1051 1044
1043 1052
810 1051
935 812
1053 1054
1055 1053
1056 1057
1058 1033
1034 1059
1060 1061
1062 1055
1063 1064
1065 990
1045 1066
1032 1067
1068 1032
1069 1047
1070 1065
1059 1071
1072 1058
1073 1062
1054 1074
975 1075
975 1003
1075 1076
1003 1075
1077 1073
1078 1065
1079 1080
1081 1082
1083 1077
1084 1083
1085 1084
1086 1087
1004 1088
1089 1085
1090 1091
1092 1089
1076 1088
1076 1093
1088 1094
1095 1092
1074 1096
1097 1098
1099 1100
1070 1097
1101 1095
1094 1101
1098 1070
1102 1103
1104 1105
1106 1107
1108 1109
1110 1111
1112 1113
1114 1115
1116 1078
1117 1078
1115 1116
1115 1114
1118 1119
1120 1121
1067 1122
1123 1124
1125 1126
776 1127
1128 777
1064 1129
1127 1130
1131 1128
1129 1132
1133 1068
1122 1134
1135 1133
1134 1136
1137 1138
1139 1135
1140 1141
1142 1143
1144 1145
1096 1146
1147 1148
1149 1150
1151 1152
1153 1154
1146 1117
1142 1155
1156 1157
1158 1144
1159 1117
1155 1160
1161 1158
1162 1072
1163 1164
1165 1166
1071 1167
1136 1168
1169 1170
1171 1172
1173 1174
1175 1176
1177 1173
1176 1178
1179 1139
1168 1180
1165 1181
1182 1179
1180 1183
1184 1185
1186 1187
1188 1189
1190 1191
1192 1193
1194 1195
1196 1197
1198 1182
1183 1199
1200 1201
1202 1203
1204 1205
1206 1207
1203 1208
1200 1209
1209 1210
1049 1211
1212 1050
1052 1213
1210 1214
1215 1159
1211 1216
1217 1212
1213 1218
1219 1220
1220 1214
1221 1222
1214 1223
1222 1224
1223 1225
1226 1227
1228 1215
1225 1229
1224 1230
1231 1232
1233 1234
1235 1236
1164 1230
1230 1204
1228 1237
1238 1228
1237 1164
1237 1205
1204 1238
1163 1238
1239 1240
1241 1242
1243 1244
1245 1244
1205 1246
1247 1163
1248 1249
1250 1251
1252 1253
1254 1255
1160 1256
1257 1258
1259 1161
1260 1261
1262 1263
1130 1264
1265 1131
1266 1264
1267 1268
1269 1265
1250 1270
1271 1250
1272 1273
1193 1274
1193 1275
1276 1219
1277 1276
1278 1279
1280 1281
1282 1198
1199 1283
1284 1285
1286 1287
1288 1289
1290 1165
1291 1292
1232 1293
1294 1295
1274 1296
1297 1282
1166 1298
1299 1266
1283 1300
1301 1290
1268 1302
1303 1304
1293 1305
1306 1269
1307 1288
1292 1308
1309 1310
1295 1311
1295 1312
1313 1314
1312 1311
1312 1315
1316 1317
1318 1181
1319 1299
1320 1321
1322 1323
1324 1325
1326 1327
1328 1329
1302 1330
1315 1311
1306 1331
1332 1333
1334 1307
1308 1321
1335 1336
1337 1338
1339 1340
1341 1342
1343 1344
1311 1345
1345 1346
1347 1348
1346 1349
1334 1350
1294 1351
1352 1344
1349 1353
1351 1328
1353 1354
1355 1356
1357 1355
1358 1355
1148 1326
1150 1359
1360 1361
1151 1362
1363 1153
1364 1334
1227 1156
1321 1365
1328 1366
1359 1367
1354 1368
1354 1369
1370 1362
1371 1363
1372 1373
1374 1365
1375 1376
1377 1378
1366 1368
1379 1368
1379 1329
1329 1369
1380 1381
1366 1382
1369 1382
1383 1379
1382 1384
1365 1385
1386 1387
1388 1389
1386 1364
1364 1390
1391 1392
1390 1320
1393 1320
1394 1395
1396 1397
1389 1398
1383 1399
1400 1386
1401 1402
1403 1404
1405 1406
1407 1408
1409 1410
1411 1412
1413 1414
1415 1416
1417 1418
1419 1420
1421 1422
1423 1424
1400 1425
1426 1400
1427 1428
1429 1430
1431 1432
1433 1434
1435 1436
1437 1438
1439 1440
1441 1442
1443 1444
1445 1446
1399 1221
1447 1448
1449 1450
1451 1452
1453 1454
1455 1456
1425 1457
1425 1458
1459 1229
1460 1461
1462 1463
1464 1465
1466 1467
1468 1469
1390 1470
1471 1472
1473 1474
1475 1476
1477 1478
1457 1479
1457 1480
1470 1481
1470 1482
1458 1483
1458 1484
1485 1486
1485 1487
1488 1393
1393 1489
1490 1491
1492 1493
1481 1494
1481 1495
1479 1496
1479 1497
1498 1499
1500 1501
1502 1503
1488 1504
1505 1488
1489 1506
1489 1507
1508 1509
1480 1483
1510 1480
1511 1512
1513 1514
1494 1505
1494 1495
1504 1515
1516 1517
1518 1519
1506 1520
1521 1522
1523 1524
1525 1526
1208 1527
1528 1529
1530 1531
1532 1459
1533 1534
1527 1535
1536 1537
1535 1538
1539 1532
1540 1539
1486 1541
1542 1543
1544 1545
1546 1521
1538 1547
1548 1540
1549 1550
1507 1545
1551 1507
1552 1553
1554 1555
1246 1556
1246 1557
1558 1247
1559 1560
1344 1561
1557 1562
1557 1563
1564 1565
1548 1566
1567 1568
1259 1569
1570 1571
1572 1559
1573 1574
1556 1575
1576 1577
1569 1578
1562 1575
1579 1580
1581 1582
1583 1584
1585 1586
1587 1588
1589 1590
1575 1591
1592 1558
1593 1594
1595 1596
1591 1592
1597 1598
1599 1600
1601 1296
1296 1602
1603 1604
1605 1606
1607 1608
1609 1595
1610 1595
1611 1572
1612 1578
1613 1614
1615 1616
1594 1617
1568 1618
1619 1620
1620 1621
1622 1623
1624 1625
1626 1627
1617 1628
1629 1630
1618 1631
1632 1633
1634 1635
1636 1637
1638 1639
1640 1641
1642 1643
1644 1645
1646 1647
1648 1649
1650 1651
1652 1653
1484 1654
1655 1656
1657 1658
1659 1660
1605 1607
1603 1605
1661 1662
1663 1664
1665 1666
1667 1256
1668 1669
1670 1671
1607 1672
1673 1625
1674 1675
1256 1676
1677 1678
1679 1610
1680 1610
1681 1682
1683 1259
1684 1603
1625 1685
1686 1583
1687 1688
1689 1690
1691 1692
1693 1367
1694 1695
1696 1685
1697 1698
1699 1700
1701 1702
1703 1704
1705 1505
1706 1707
1515 1705
1708 1709
1710 1711
1660 1464
1712 1713
1520 1714
1714 1705
1715 1716
1300 1717
1718 1719
1720 1297
1545 1551
1495 1482
1721 1722
1723 1684
1724 1725
1672 1726
1582 1727
1598 1551
1598 1714
1483 1484
1728 1069
1729 1730
1482 1731
1496 1497
1496 1510
1732 1733
1583 1734
1497 1426
1735 1736
1597 1737
1738 1739
1384 1740
1741 1742
1510 1654
1743 1426
1744 1745
1746 1747
1748 1749
1750 1597
1743 1731
1751 1743
1654 1751
1752 1753
1742 1754
1755 1525
1756 1757
1758 1759
1760 1761
1762 1763
1764 1765
1766 1767
1700 1768
1769 1770
1771 1772
1773 1774
1775 1776
1777 1778
1779 1780
1781 1782
1783 1784
1785 1786
1787 1788
1789 1790
1791 1792
1793 1794
1795 1796
1797 1720
1717 1798
1799 1800
1731 1801
1754 1802
1803 1804
1768 1805
1806 1807
1808 1809
1801 1810
1811 1812
1802 1803
1813 1801
1814 1751
1815 1816
1817 1755
1685 1669
1537 1818
1803 1805
1805 1819
1820 1813
1821 1813
1822 1823
1824 1825
1826 1217
1218 1827
1828 1829
1830 1820
1831 1820
1832 1662
1833 1834
1835 1836
1566 1837
1838 1839
1840 1841
1842 1838
1843 1669
1844 1830
1845 1830
1234 1846
1847 1848
1849 1850
1839 1842
1851 1852
1853 1854
1855 1842
1856 1857
1858 1859
1860 1861
1862 1863
1864 1865
1866 1826
1827 1867
1868 1844
1844 1869
1870 1871
1872 1873
1874 1868
1875 1868
1876 1856
1877 1878
1879 1843
1880 1879
1881 1874
1882 1874
1883 1855
1884 1817
1885 1847
1818 1886
1740 1883
1875 1881
1887 1881
1888 1889
1890 1891
1892 1893
1894 1885
1895 1896
1897 1898
1837 1899
1900 1901
1902 1903
1899 1904
1905 1906
1907 1177
1908 1909
1910 1876
1178 1911
1912 1913
1914 1915
1904 1916
1917 1914
1916 1918
1919 1917
1920 1576
1921 1922
1923 1924
1925 1926
1927 1928
1929 1930
1931 1932
1910 1933
1934 1935
1936 1937
1938 1939
1940 1938
1934 1941
1942 1940
1943 1944
1945 1946
1947 1948
1933 1949
1950 1951
1952 1953
1898 1954
1955 1883
1956 1957
1958 1959
1960 1961
1962 1963
1964 1965
1966 1967
1939 1968
1969 1970
1971 1972
1954 1973
1974 1975
1976 1977
1978 1979
1980 1981
1982 1983
1984 1985
1918 1986
1987 1968
1988 1919
1961 1989
1986 1990
1991 1988
1676 1992
1993 1994
1995 1683
1996 1997
1998 1999
2000 2001
1882 1934
2002 2003
2004 1831
1831 2005
2006 2007
1798 2008
2009 2010
2011 2012
1201 2013
1887 1882
2014 2015
2016 1797
2017 2018
2019 2018
2020 1875
2021 2022
2023 2024
2025 1866
1867 2026
2027 2028
2020 1887
2029 2025
1990 2030
2026 2031
2032 1978
2033 1991
2034 2035
2036 2037
2038 2039
2040 2041
2042 2043
2030 2044
1869 2020
2045 2046
2047 2033
2044 2048
2044 2049
2050 2051
2049 2052
2046 2049
2042 2053
2046 2054
1993 1996
2055 2056
2057 1993
2058 2059
2022 2060
2061 2023
2062 2063
2064 1949
2065 2066
2067 2068
2008 2069
2070 2071
2005 2072
2073 2005
2074 2016
1869 2075
2076 2077
2078 1845
2079 2074
1996 2040
2054 2078
2054 2080
1891 2081
2075 2082
2075 2072
2083 2080
2084 2085
2086 2079
2087 2088
2089 2090
2091 1987
2092 2082
2093 2094
1949 2095
2080 2096
2097 2098
2099 2100
2101 2102
2103 1978
2104 2047
2047 2105
2040 2106
2088 2107
2107 2108
2109 1987
2095 2110
2082 2011
2037 2111
2112 2113
2114 2115
2072 2116
2106 2117
2115 2113
2118 2119
2120 2114
2119 2121
2113 2122
2123 2124
2125 2029
2126 2118
2124 2127
2031 2128
2129 2125
2130 2131
2132 2123
2133 2134
2135 2136
2137 2138
2128 2139
2140 2141
2142 2112
2122 2143
2144 2145
2146 2147
2148 2149
2142 2120
2121 2150
2151 2152
2153 2154
2127 2155
2156 2157
2158 2159
2160 2161
2162 2109
2163 2164
2165 2166
2167 2168
2150 2169
2170 2171
2169 2142
2172 2173
2174 2175
2176 1890
2155 2177
2178 2179
2180 2169
2073 2116
2181 2116
2182 2183
2184 2185
1992 2186
2110 2187
2188 2189
2190 2176
2191 2192
2177 2180
2193 2137
2194 1995
2195 2196
2111 2197
2198 2190
2199 2086
2200 2201
2202 2203
2204 2205
2206 2207
2208 2209
2210 2211
2212 2213
2207 2214
2215 2216
2217 2073
2187 2218
2219 2220
2106 2221
2222 2223
2224 2137
2225 2226
2227 2228
2229 2230
2231 2232
2233 2234
2235 2236
2052 2237
2174 2238
2239 2104
2240 2241
2242 2243
2185 2244
2245 2061
2061 2246
1955 2247
2248 2249
2250 2249
2131 2251
2245 2060
2060 2246
2252 2253
2254 2255
2256 2181
2181 2257
2258 2259
2260 2174
2247 2261
2262 2263
2264 2245
2265 2266
2267 2268
2269 2270
2271 2256
2272 2256
2273 2274
2275 2276
2237 1821
2277 2260
2278 2260
2279 2239
2280 2257
2257 2280
2242 2281
2282 2242
2085 2283
2221 2284
2221 2057
2149 2285
2271 2286
2286 2271
2157 2287
2288 2289
2290 2291
2292 2277
2277 2293
2294 2295
2275 2296
2297 2278
2278 2298
2299 2210
2300 2301
2302 2297
2297 2303
2304 2305
2306 2292
2292 2307
2308 2309
2310 2311
2312 2313
2298 2314
2298 2315
2283 2316
2317 2034
2285 2195
2318 2319
2320 2321
2287 2156
2322 2323
2324 2325
2326 2327
2328 1201
2329 2306
2306 2330
2331 2057
2332 2302
2333 2334
2335 2336
2337 2338
2339 2340
2296 2341
1821 2342
2343 2344
2318 2345
2346 2318
2347 2348
2349 2322
2350 2324
2351 2352
2353 2326
2354 2326
2355 2328
2342 2356
2357 2358
2359 2279
2329 2360
2361 2329
2330 2362
2330 2363
2364 2365
2366 2367
2368 2369
2360 2370
2360 2371
2372 2361
2361 2362
2345 2373
2374 2375
2376 2377
2331 2317
2378 2379
2380 2381
2382 2383
2349 2384
2385 2372
2386 2372
2387 2388
2356 2389
2384 2269
2390 2359
2391 2392
2393 2394
2395 2396
2385 2397
2385 2398
2399 2400
2401 2402
2403 2404
2405 2406
2407 2408
2409 2410
2411 2412
2413 2414
2415 2416
2417 2418
2419 2420
2421 2422
2423 2424
2425 2426
2427 2428
2429 2430
2431 2432
2433 2434
2435 2436
2378 2217
2272 2217
2437 2438
2439 2440
2441 2442
2443 2444
2445 1327
2446 2447
2448 2449
2450 2207
2451 2452
2453 2454
2455 2456
2457 2458
2459 2460
2461 2462
2463 2464
2465 2466
2467 2468
2389 2469
2470 2389
2471 2472
2473 2374
2474 2475
2476 1693
2477 2478
2479 2480
2481 2482
2483 2484
2485 1370
2486 2487
2488 2489
2490 2491
2397 2492
2493 2494
2398 2495
2496 2497
2498 2499
2500 2501
2502 2503
2504 2197
2505 2506
2507 2508
2509 2510
2511 2512
2513 2331
2514 2515
2516 2476
2517 2518
2485 2519
2520 2521
2522 2445
2523 2524
2525 2526
2527 2528
2469 2529
2530 2531
2532 2533
2513 2378
2534 2390
2535 2536
2537 2538
2539 2540
2541 2473
2542 2543
2544 2545
2546 2547
2548 2549
2550 2551
2552 2553
2554 2272
2555 2556
2557 2558
2559 2560
2561 2562
2503 2455
2563 2564
2565 2513
2566 2567
2568 2569
2570 2571
2572 2573
2574 2575
2576 2577
2578 2576
2579 2580
2581 2286
2582 2583
2584 2585
2586 2587
2588 2589
2590 2591
2581 2554
2554 2565
2592 2593
2594 2595
2596 2597
2598 2599
2600 2601
2386 2602
2603 2471
2604 2479
2605 2606
2607 2581
2608 2565
2609 2610
2611 2612
2303 2332
2261 2613
2614 2615
2616 2617
2618 2619
2529 2620
2621 2534
2622 2623
2624 2625
2626 2627
2628 2629
2630 2608
2631 2608
2632 2633
2634 2635
2362 2636
2637 2588
2588 2638
2639 2640
2641 2642
2643 2644
2645 2646
2647 2648
2649 2350
2650 2651
2652 2653
2654 2354
2655 2656
2657 2355
2658 2218
2659 2218
2660 2661
2662 2663
2664 2630
2665 2630
2666 2667
2668 2669
2670 2671
2672 2673
2674 2675
2676 2607
2607 2677
2678 2679
2676 2280
2680 2681
2682 2303
1871 2683
2684 2685
2686 2687
2688 2689
2690 2691
2692 2637
2693 2694
2695 2696
2697 2656
2698 2699
2700 2676
2701 2702
2703 2704
2705 2706
2707 2708
2709 2710
2711 2712
2696 2713
2620 2714
2715 2621
2612 2716
2612 2717
2718 2719
2720 2721
2722 2723
2724 2725
2699 2636
2636 2726
2727 2637
2728 2664
2729 2664
2714 2730
2731 2715
2732 2733
2734 2735
2736 2737
2738 2739
2638 2383
2740 2741
2742 2613
2743 2727
2727 2744
2745 2746
2747 2748
2749 2750
2751 2728
2752 2728
2421 2753
1319 2754
2755 1319
2756 2757
2758 2307
2307 2363
2759 2510
2383 2743
2760 2743
2761 2456
2195 2084
2762 2763
2764 2751
2751 2765
2766 2767
2768 2752
2769 2752
2770 2771
2754 1331
2772 2773
2774 2744
2744 2775
2776 2777
2363 2778
2585 2779
2780 2781
2700 2782
2783 2700
2784 2785
2786 2787
2788 2764
2789 2764
2790 2791
2792 2793
2794 2795
2796 2129
1331 2778
1331 2797
2798 2799
2800 2801
1951 2665
2802 2665
2803 2774
2775 2804
2805 2167
2806 2167
2205 2807
2205 2808
2809 1884
2810 2386
2811 2812
2813 2814
2815 2816
1886 2817
2818 2382
2382 2819
2820 2821
2822 2823
2824 2825
2826 1951
2778 2726
2778 2827
2828 2802
2829 2802
2805 2830
2831 2783
2832 2783
2699 2810
2833 2834
2807 2835
2836 2805
2837 2838
1330 2839
2840 2841
2842 2843
2844 2682
2845 2682
2846 2847
2760 2803
2011 2844
2804 2848
2849 2850
2851 2649
2852 2818
2853 2818
2854 2809
2855 2654
2730 2856
2857 2858
2859 2657
2860 2731
2861 1950
2862 1950
2863 2864
2865 2866
2867 2844
2868 2869
2870 2726
2726 2871
2872 2827
2873 2874
2875 2852
2876 2852
2877 2878
2870 2810
2879 2880
2881 2882
2883 2884
2885 2886
2638 2582
2887 1723
2888 2889
1330 2890
2891 2892
2798 2893
2851 2894
2895 2896
2897 2898
2855 2899
2859 2900
2796 2901
2264 2199
2069 2268
2902 2903
2831 2904
2905 2831
2856 2906
2907 2755
2755 2908
2909 2860
2848 2696
2827 2910
2827 2911
2912 2729
2913 2729
2914 2832
2915 2916
2917 2870
2918 2828
2582 2919
2920 2867
2867 2921
2922 2923
2924 2829
2925 2926
2927 2928
2929 2930
2931 2760
2932 2826
2933 2012
2934 2012
2935 2861
2936 2862
2937 2904
2904 2938
2931 2848
2939 2796
2940 2941
2942 2798
2940 2943
2894 2333
2944 2945
2940 2946
2947 2948
2941 2949
2943 2950
2951 2946
2952 2907
2907 2953
2954 2955
2890 2908
2890 2956
2819 2931
2910 2957
2917 2871
2957 2917
2958 2502
2959 2933
2960 2920
2921 2961
2962 2939
2939 2963
2964 2934
2965 2966
2967 2968
2969 2949
2950 2969
2819 2942
2952 2421
2908 2953
2908 2970
2971 2972
2973 1907
2974 2975
2871 2976
2871 2977
2919 2957
2978 2957
2969 2979
1911 2980
2979 2981
2982 2942
2983 2984
2985 2986
2987 2988
2989 2990
2991 2952
2992 2952
2993 2994
2953 2995
2953 2996
2997 2998
2976 2999
2919 3000
2876 2982
3001 2982
3002 2991
3003 3004
3005 3006
3007 3008
3009 3010
2985 3011
3012 3013
3014 2973
2797 3015
3016 3017
3018 3019
2911 3020
3021 3022
2977 3023
2978 3024
3025 3026
2980 3027
3000 2876
3028 3029
3030 3031
3032 2913
3033 2913
3034 3035
3036 2264
3037 3038
2996 3039
3040 3041
3042 3043
2268 3044
2970 3045
3000 3046
3047 3048
2956 3049
3050 3051
3052 3053
3054 2522
3055 3056
2683 3057
3058 3025
3059 3060
2516 3061
3062 3063
3064 3065
3066 2992
3067 2519
3068 3069
3070 3071
3072 3073
3074 3075
3076 3077
3078 3079
3080 3081
3082 3083
3008 3084
3085 3086
3087 3088
3089 3090
3091 3092
3054 3093
3094 3095
3096 3097
3098 3099
3100 3058
3101 3061
3102 3103
3104 3105
3106 3107
3108 3109
3110 3111
3020 3112
3113 3067
3114 3009
3115 3116
3117 3118
3102 3119
3120 3121
3122 3123
3124 3086
3125 3126
3127 3128
3129 3130
3131 3132
3133 3134
3135 3136
3137 3138
3139 3140
3141 3142
3143 3144
3145 3146
3147 3148
3149 3150
3151 3152
3153 3154
3155 3156
3008 3157
3158 3159
3160 3161
3162 3163
2989 3164
3165 3166
3167 3168
3169 3170
3171 3172
2377 3173
2742 3174
3175 3176
3177 3178
3179 3180
3181 3034
3182 3183
3184 3126
3157 3185
3057 3186
3187 3188
3189 3190
3079 2993
3191 3079
3192 3193
3194 3195
3196 3197
3198 3199
3174 3200
3201 3202
3203 3204
875 3205
3206 880
3207 3208
3049 3209
3015 3210
3023 3211
3212 3213
3214 2993
3215 2887
1726 3216
3217 3036
3044 3218
3219 3220
3221 3222
3223 3224
3225 3226
3227 3215
3228 3229
3230 1728
3216 3231
3232 3233
2899 3234
2900 3235
3236 3237
3238 3239
3240 3241
3137 3242
3137 3243
3244 3245
3246 3217
3247 3248
3218 3249
3250 3251
3252 3253
3254 3255
3147 3256
3257 3147
3258 3234
3259 3260
3261 3257
3262 3235
3263 3264
3265 3266
3267 3268
3269 3270
3271 3272
3273 3274
3275 3276
3277 3278
3274 3279
3280 3274
3281 3282
3283 3284
3285 3286
3287 3288
3289 3290
3291 3257
3292 3293
3294 3295
3296 3297
3291 3256
3298 3299
3300 3291
3301 3302
3303 3304
3305 3306
3307 3308
3309 3310
3311 3280
3312 3280
3313 3314
2903 2812
3315 3284
3316 3317
3318 3319
3284 3320
3321 3322
3323 3324
3325 3326
3327 3246
3328 3329
3249 3330
3233 3331
3332 3333
3334 3335
2906 3336
3337 3338
1416 2909
3312 3339
3312 3340
2903 3341
3342 3343
3344 3345
3346 2963
3347 3348
3349 3350
3336 3351
3352 3353
3326 3354
3355 3326
3356 3357
3358 3359
3360 3361
3362 3363
2139 2962
2139 3364
3365 3366
3351 3367
3368 3369
3370 1415
3371 3230
1066 3372
2161 3373
3374 2962
3373 3375
3367 3376
3377 2163
3378 3370
3379 3377
3380 3300
3381 3380
3382 3383
3384 3385
3386 3387
3388 3355
3389 3327
3330 3390
3391 3392
3393 3355
3394 3371
3395 3396
3397 3398
3372 3399
3400 3401
3402 3403
3404 3405
3406 3407
3408 3409
3410 3411
3412 3413
3375 3414
3415 3416
3414 3417
3418 3379
3419 3420
3421 3418
3422 3423
3424 3425
3426 3374
3374 3427
3428 3429
3262 3430
3258 3431
3427 3432
3433 3434
3435 3436
3437 3438
3417 3439
3364 3440
3441 1473
3442 3382
3443 3444
3445 3421
2963 3446
2963 3443
3447 3448
3449 3450
3439 3451
3452 3445
3453 3426
3454 3395
3455 3456
3457 3427
3403 3424
3424 2531
3403 3458
3459 3227
3460 3227
3461 3462
3231 3459
3231 3460
3463 3435
1519 3459
3331 3464
3465 3466
3467 3468
3469 3470
3460 3471
3448 3472
3443 3473
3474 3464
3475 3476
3477 3478
3479 3394
3399 3480
3481 3482
3483 3484
3376 3485
3486 3378
2531 3458
3451 3487
3488 3489
3487 3437
3490 3491
1474 3452
3492 1519
3493 3448
3494 3479
3480 3495
3493 3476
3493 1518
3496 1518
3497 3476
3471 3447
3498 3471
3499 3474
3458 3500
3447 3501
3502 3503
3446 3450
3446 3504
2892 3492
3505 3498
3467 3506
3507 3499
3499 3507
3473 3504
3508 3473
3509 3467
3510 3389
3390 3511
3512 3221
3513 3514
3515 3516
3505 2915
3517 3518
3450 3519
3520 3521
3522 3504
3523 3489
3524 3508
3525 3522
3519 3526
3527 3528
2835 3529
3530 2836
3205 3531
3532 2865
3533 3517
3534 3206
3485 3535
3518 3536
3537 3486
3538 3093
3539 3540
3535 3541
3542 3537
3543 3510
3511 3544
3430 3545
3431 3546
3547 3381
3548 3494
3495 3549
3545 3550
3546 3551
3552 3547
3553 3548
3549 3554
3555 3556
3557 3558
2889 3559
3560 3561
3562 3563
3564 3534
3565 3538
3566 3512
1167 3567
3224 3568
3569 3524
3570 3571
3572 3525
3573 3532
3574 3575
3576 3573
3577 3568
3578 3569
3572 3579
3526 3580
3581 3576
3582 3578
3583 3584
3579 3585
3580 3586
3587 3588
3585 3586
3586 3589
3568 3590
3591 3592
3593 3594
3582 3585
3595 3562
3596 3582
3567 3597
3550 3598
3599 2854
3581 3596
3596 3600
3601 3602
3603 3604
2449 3581
3605 3606
2817 3607
3600 3589
3600 3608
3609 3610
3611 3553
3554 3612
3613 3614
3615 3565
3589 3616
3617 3618
3619 3620
3621 3530
3622 3530
3529 3623
3590 3624
3625 3626
3627 3628
3629 3627
3621 3623
3630 3621
2966 3611
3612 3631
3632 3633
3634 3632
3623 3635
3622 3635
3630 3622
3636 3634
3637 2002
3638 3619
3637 3639
3640 3641
3642 3630
3643 3638
3644 3645
3646 3629
3647 3648
3591 3649
3650 3591
3651 3652
3653 3566
3438 3654
3438 3655
3656 3657
3635 3658
3624 3659
3650 3660
3656 3650
3661 3441
3655 3441
3662 3656
3663 3655
3664 3665
3666 3667
3668 3669
3670 3671
3672 3663
3654 3663
3673 3646
3674 3673
3675 3654
3676 3670
3677 3678
3679 3680
3681 3677
3682 3683
2850 3684
3685 2842
2838 3686
3687 2833
3639 3688
3527 3689
3690 3691
3692 3639
3541 3693
3691 3694
3695 3542
3696 3697
3698 3699
3700 3675
3672 3675
3701 3702
3703 3700
3704 3700
3705 3706
3707 3704
3708 3709
3710 3711
3712 3672
3713 3615
3714 3391
3715 3716
3717 3718
3719 3687
3720 3721
3722 3703
3723 3724
3616 3718
3616 3725
3726 3727
3728 3729
3718 3730
3731 3732
3733 3731
3500 3734
3735 3736
3737 3733
3738 3733
3739 3712
3740 3712
3741 3527
3738 3739
3739 3742
3743 3737
3641 3738
3666 3742
3666 3741
3742 3740
3744 3741
3741 3661
3745 3661
3740 3746
3747 3641
3746 3748
3749 3746
3750 3676
3751 3745
3752 3745
3684 3753
3754 3685
3686 3755
3756 3757
3748 3756
3730 3758
3748 3759
3760 3749
3749 3761
2889 3752
3762 3752
3763 3764
3759 3760
3760 3762
3765 3759
3725 3766
3761 3762
3767 3768
3769 3765
3770 3765
3761 3771
3772 3773
3774 3769
3775 3770
3776 2448
3777 2448
3721 3723
3778 3779
3771 3777
3780 3781
3768 3779
3768 3782
3783 3779
3758 3784
3766 3785
3786 3787
2888 3776
3788 3776
3784 2888
3784 3788
3789 3790
3791 3792
3631 3793
3794 3788
3795 3796
3797 3798
3559 3772
3559 3799
3800 3801
3772 3680
3793 3802
3803 2965
3804 3724
3799 3805
3799 3806
3734 3807
3808 3809
3810 3811
3812 3813
3814 3815
3816 3014
3724 3817
3818 3819
3027 3820
3821 3822
3823 3824
3825 3810
3810 3826
3825 3808
3808 3826
3827 3828
3812 3825
3826 3815
3829 3812
3815 3830
3831 3832
3833 3834
3835 3223
3836 3829
3830 3837
3838 3827
3839 3840
3807 3841
3806 3842
3807 3690
3802 3843
3844 3845
3846 3847
3848 3803
3843 3849
3850 3851
3849 3848
3852 3850
3853 3854
3851 3855
3856 3857
3858 3859
3859 3860
3861 3862
3863 3858
3864 3865
3866 3867
3544 3868
3869 3543
3870 3871
3872 3873
3874 3875
3876 3877
3846 3842
3878 3879
3879 3880
3881 3882
3883 3824
3841 3884
3885 3886
3887 3642
3658 3888
3678 3714
3839 3889
3890 3891
3891 3878
3892 3893
3894 3895
3693 3896
3878 3897
3898 3899
3868 3900
3901 3869
3902 3887
2186 3903
3888 3904
3905 3906
3907 3908
3909 3910
3911 2194
3912 3913
3914 3849
3890 3915
3890 3916
3917 3918
3919 3920
3895 3921
3922 3923
3854 3924
3855 3496
3925 3695
3926 3927
3501 3863
3880 3928
3899 3929
3897 3930
3933 3934
3935 3936
3931 3932
3937 3794
3785 3938
3930 3939
3940 3838
3941 3901
3942 3901
3900 3941
3900 3942
3720 3931
3932 3817
3915 3916
3929 3940
3943 3816
3944 3720
3817 3945
3946 3947
3948 3941
3942 3949
3950 3883
3951 3884
3886 3952
3938 3953
3939 3954
3955 3939
3956 3957
3905 3937
3902 2806
2808 3958
2808 3959
3904 3958
3904 3959
3960 3902
3960 3961
3962 3960
3963 3964
3958 3965
3966 3962
3967 3962
3968 3969
3392 3970
3959 3961
3966 3965
3965 3971
3972 3973
3974 3402
3311 3975
3311 3976
3961 3977
3978 3966
3979 3948
3949 3980
3981 3944
3982 3935
3945 3983
3945 3984
3985 3986
3987 3975
3988 3989
3990 3991
3992 3993
3983 3981
3994 3981
3953 3995
3996 3905
3997 3998
3999 4000
4001 4002
4003 4004
4005 3976
4006 4007
3551 4008
4009 4010
3820 4011
4012 3996
4013 4014
4015 4016
3607 4017
4018 4019
3995 4020
4021 4022
4021 4023
3957 4024
4025 4026
4027 4028
4029 4030
4031 4032
4033 4034
4035 4036
4037 4034
3957 4038
3957 4039
4040 4041
3970 3852
4042 4043
4044 4045
4046 4047
3980 4048
3979 4049
4050 4051
3860 3974
4052 4053
3928 3955
4034 4054
4055 4056
4057 4058
4059 4060
4061 3873
4062 4063
4064 4012
4065 4066
4067 4068
4069 4058
4070 4071
4072 4073
4074 4075
3921 3982
4076 3921
4077 4078
4079 4080
4081 4082
4083 4084
4085 4086
4087 4088
4089 4090
4091 4092
4093 4094
4095 4096
4097 4098
4099 4100
4101 4102
4103 4104
4105 4106
4107 4089
4108 4089
4109 3599
3873 4110
4111 4112
4113 4114
4115 4116
4117 4118
4119 4120
4121 4122
4023 3954
4123 4124
4125 4126
4127 4128
4129 4130
4131 4132
4133 4134
4135 4136
4132 4137
4138 4139
4140 4141
4142 4143
4139 4144
4145 4146
4147 4148
4149 4142
4141 4150
4132 4151
4152 4139
4153 4154
4155 4153
4156 4155
4157 4147
4158 4145
4159 4142
4160 4161
4147 4162
4076 4163
4158 4164
4152 4151
4017 4165
4166 4167
4168 4169
4170 4171
4172 4173
4155 4173
4174 4175
4162 4176
4162 4177
4178 4152
4179 4180
4181 4182
4183 4184
4185 4186
4187 4188
4189 4190
4187 4191
4167 4171
4171 4192
4193 4194
4195 3943
4196 4018
4197 4198
4199 4200
4201 4202
4203 4204
4205 4206
4207 4208
4209 4210
4211 4212
4213 4214
4215 4216
4217 4218
4219 4220
4221 4222
4223 4224
4210 4225
4226 4227
4228 4229
4198 4230
4231 4232
4233 3972
4234 4235
4236 4237
4238 4239
4240 4241
4242 4243
4244 4245
4246 4109
4247 4109
4248 4249
4250 4251
4252 4253
4225 4254
4255 4256
4257 4258
4175 4259
4184 4260
4237 4261
4150 4262
4239 4263
4218 4264
4227 4265
4169 4266
4220 4267
4241 4268
4180 4269
4222 4270
4186 4271
4206 4272
4200 4273
4164 4274
4258 4275
4232 4276
4204 4277
4249 4278
4214 4279
4256 4280
4190 4281
4251 4282
4192 4283
4245 4284
4216 4285
4224 4286
4235 4287
4208 4288
4253 4289
4254 4290
4194 4291
4230 4292
4176 4293
4202 4294
4243 4295
4177 4296
4297 4298
3924 4299
4300 4301
4302 4303
4304 4305
4022 4306
4307 4308
4299 4309
4310 4311
4312 4074
4313 3598
4008 4314
3425 4315
4316 4317
4092 4318
4319 4320
4321 4322
4323 2550
4324 4325
4326 4327
4328 4329
4330 4331
4332 4313
4314 4333
4334 4335
4336 4195
4229 4337
4338 4339
4340 3975
4341 4342
3975 4343
4344 4345
3976 4346
3976 4347
4348 4349
4331 4350
4351 4352
4353 4354
4355 4356
4357 4358
4359 4360
4361 4362
4363 4364
4365 4366
4367 4368
4369 4370
4371 4330
4372 4373
4374 4375
4376 4377
4378 4379
4380 4381
4382 4383
3984 4384
4385 3994
4386 4387
4388 4389
4390 4391
4392 4393
4073 4394
4395 4396
4344 4397
4398 4387
4346 4399
4349 4400
4401 4402
4403 4404
4405 4336
4397 4406
4407 4351
4400 4408
4409 4410
4411 4412
4337 4413
4414 3836
3837 4415
4416 4407
4417 4418
4419 4420
4406 4421
4384 4422
4423 4385
4408 4424
4425 4306
4426 4427
4387 4428
4429 4430
4431 4432
4433 4310
4434 4435
4436 4437
4421 4438
4439 4416
4424 4440
4441 4439
4442 4443
4444 4445
4446 4447
4425 4435
4448 4449
4450 4451
4452 4453
4454 4455
3903 4456
4457 4458
4459 3911
4460 4461
4462 4450
4456 4463
4464 4465
4466 4467
4309 4468
4469 4459
4470 4471
4472 4473
3597 4474
4475 3595
4476 4477
4478 4479
4480 4481
4433 4482
4483 4484
4485 4484
4484 4486
4487 3831
4488 4316
4489 4490
4491 4307
4492 4307
4493 4494
4352 4495
4496 4497
4498 4348
4499 4500
4345 4501
4502 4503
4504 4434
4505 4506
4507 4508
4509 4510
4511 4512
4513 4514
4515 4516
4517 4518
4519 4520
4521 4522
4523 4524
4525 4526
4527 4528
4529 3925
3896 4530
4531 4532
4533 4534
4535 4536
4478 4383
4478 4537
4538 4539
4540 4541
4542 4543
4544 4545
4546 4547
4548 4547
4549 4550
4551 4552
4457 4362
4553 4457
4477 4554
4555 4556
4557 4558
4559 4560
4561 4562
4563 4504
4470 4560
4564 4470
4468 4565
4566 4567
4568 4567
4569 4570
4554 4571
4572 4573
4574 4575
4576 4577
4578 4579
4580 4498
4495 4581
4582 4583
4584 4583
4585 4583
4586 4587
4588 4587
4501 4589
4569 4554
4590 4591
4592 4593
4576 4563
4560 4569
4594 4595
4596 4529
4597 4598
4530 4599
4600 4601
4394 4602
4603 4604
4362 4605
4606 4607
4608 4609
4610 4611
4612 4613
4602 4614
4615 4616
4617 4618
4619 4620
4621 4622
4623 4624
4625 4626
4627 4628
4629 4630
4577 4631
4632 4606
4633 4634
4606 4635
4636 4637
4638 4639
4639 4640
4640 4641
4642 4643
4462 4312
4644 3914
4485 3914
4474 4645
4646 4475
4647 4648
4649 4650
4651 4652
4653 4654
4655 4656
4657 4423
4409 4658
4659 4660
4661 4662
4422 4663
4664 4665
4666 4667
4571 3978
4668 3978
4669 4485
3977 4564
3977 4670
4471 4671
4471 4672
4671 4657
4673 4671
4674 4476
4673 4476
4675 4246
4676 4677
4663 4674
4674 4672
4668 4564
4571 4670
4678 4679
4680 4681
4682 4683
4684 4685
4686 4668
4599 4687
4440 4688
4689 4690
4691 4692
4693 4441
4694 4695
4670 4696
4672 4697
4698 4673
3561 4699
4700 4701
4702 4605
4703 4704
4705 3564
4706 4663
4657 4706
4707 4708
4709 4710
4605 4711
4712 4363
4713 4247
4711 4714
4165 4715
4716 4717
4718 4719
4692 4332
4333 4689
4720 4721
4722 4405
4413 4694
4723 4596
4724 4725
4688 4726
4727 4728
4729 4693
4699 4730
4731 4705
4732 4733
4734 4735
4736 4737
4738 4739
4740 4680
4741 4680
4742 4743
4744 4745
4746 4747
4746 4748
4481 4749
4750 4751
4752 4753
4754 4755
4409 4756
4757 4462
4758 4759
4760 4761
4762 4763
4764 4722
4765 4766
4767 4768
4769 4761
4770 4733
4771 4772
4773 4774
4775 4776
4777 4712
4778 4779
4780 4713
4714 4781
4782 4783
4715 4784
4785 4786
4787 4788
4789 4790
4791 4792
4793 4794
4795 4796
4797 4631
4798 4799
4800 4801
4802 4803
4804 4805
4806 4807
4463 4808
4809 4810
4811 4812
4481 4813
4814 4815
4816 4813
4808 4817
4818 4819
4820 4821
4822 4823
4824 4825
4826 4827
4828 4829
4830 4831
4832 4833
4834 4469
4835 4836
4813 4837
4838 4839
4840 4841
4842 4843
4844 4845
4846 4847
4848 4834
4849 4669
4727 4669
4850 4851
4852 4853
4854 4855
4856 4857
4383 4858
4859 4860
4861 4862
4863 4864
4865 4797
4866 4867
4868 4727
4687 4869
4869 4723
4870 4871
4872 4873
4874 4875
4876 4877
4825 4878
4879 4880
4881 4882
4883 4884
4885 4886
4887 4888
4889 4890
4891 4892
4893 4894
4895 4852
4896 4691
4690 4897
4898 4857
4899 4900
4857 4901
4902 4903
4865 4904
4905 4906
4907 4908
4909 4906
4910 4911
4912 4824
4853 4913
4914 4868
4915 4916
4917 4918
4919 4920
4913 4921
4325 4922
4878 4923
4924 4925
4926 4927
4908 4928
4929 4930
4931 4858
4730 4932
4933 4934
4935 4936
4937 4884
4938 4895
4939 4940
4941 4942
4943 4912
4944 4882
4945 4946
4947 4948
4949 4898
4918 4780
4950 4896
4897 4951
4952 4731
4953 4954
4955 4934
4956 4957
4958 4959
4960 4961
4962 4963
4964 4942
4965 4115
4966 3713
4967 4968
4969 4970
4971 4972
4973 4974
4784 4935
4975 4976
4977 4978
4979 4980
4858 4981
4982 4983
4984 4985
4986 4987
4988 4989
4927 4990
4991 4992
4993 4994
4932 4995
4978 4996
4997 4998
4999 5000
5001 5002
5003 5004
5005 4917
5006 5007
5008 5009
5010 5011
5012 4952
5013 5014
5015 5016
4936 5017
5018 5019
5020 5021
5022 5023
5024 5025
5026 5027
5028 5029
5030 5031
5032 5033
5034 4761
5035 5036
5037 5038
5039 5040
5041 5042
5043 5044
5045 5046
5047 5048
5049 5050
5051 5052
4974 5053
4869 5054
5055 5056
5057 5039
5054 5058
5059 5060
5061 5062
5063 5064
5065 5066
5067 5068
5069 4840
5070 5071
5072 5073
5074 5075
5076 5074
5077 4950
4951 5078
5079 5061
5080 5057
5081 5082
5083 5084
5085 5069
5086 5085
5087 5088
5089 5090
5091 5092
5093 5094
5095 5086
5096 5097
5098 5099
5100 5101
5058 5102
5103 4943
4841 4696
5104 4841
5105 5106
4833 4686
5107 4833
5108 4988
5109 5110
5111 5103
5112 5113
5114 5115
5078 5116
4921 5117
5118 5077
5119 5120
5121 4686
5122 5079
4696 5123
5124 5095
5125 5126
5127 5128
5129 5114
5117 5130
5131 5132
4940 5133
4817 5134
4872 5135
5136 5137
5102 5138
5128 5139
5104 5121
5140 5141
5123 5107
5142 4848
5143 5104
5107 5144
5145 5146
5147 5148
4923 5005
5149 5150
5151 5152
5153 5138
5154 5155
5156 5157
5158 5159
5160 4460
5161 5162
5163 5164
5017 4938
5165 5166
5167 5168
5169 5170
5171 5172
5173 5174
5134 5175
5176 4764
5177 5178
5179 5180
5181 5142
5182 5183
5184 5185
4695 5186
5187 5188
5189 5190
5191 5192
5193 5194
5195 5111
5196 5197
5198 5199
5200 4323
5201 5202
5203 5204
5205 5206
5207 5208
5209 5210
5211 5122
5212 5195
5213 5214
5215 5216
5148 5217
5218 5219
5220 5221
5124 5211
5222 5223
5224 5225
5130 5226
5227 5228
5229 5230
5231 5232
5226 5233
5234 5235
5236 5237
5238 5239
5240 5241
5242 5243
5244 5245
5246 5247
5248 5249
5250 5176
5251 5252
5253 5254
5255 5256
5257 5258
5259 5260
5137 5261
5262 5263
5264 5265
5186 5266
5267 5268
5269 5270
5271 5272
5273 5274
5275 5276
5277 5278
5279 5280
5281 5282
5283 5284
5285 5286
4928 5287
5288 4928
5289 5290
5291 5292
5293 5294
5295 5296
5297 5298
4726 5299
5300 5301
5302 5303
5197 5304
5305 4729
5306 5307
5308 5309
4803 5200
5310 5311
5312 5313
5314 5315
4438 5316
5317 5135
5318 5319
5320 5321
5322 5323
5324 5325
5326 5327
5328 5329
5330 5331
5332 5333
5299 5334
5335 5305
5336 5337
5316 5338
5339 5340
5115 5212
5341 5342
5343 5344
5345 5346
5347 5348
4996 5349
5350 5351
5352 5353
5354 5355
5356 5357
5358 5359
5360 5361
5362 5363
5364 5365
5270 4903
5270 5366
5367 5368
5369 5370
5371 5372
5373 5374
5375 5376
5377 5337
5278 5378
5278 5379
5380 5381
5333 5382
5340 5333
5383 5384
5385 5010
5386 5387
5388 5389
5334 5390
5233 5127
5391 5392
5393 5394
5340 5395
5355 5396
5397 5335
5355 4581
5398 5399
5400 5401
5402 5207
5403 5404
5280 5405
5338 5406
5407 5408
5409 5410
5411 5412
5296 5379
5413 5414
5415 4901
4901 5416
5417 5331
5323 5378
5418 5419
5420 5289
5390 5421
5379 4589
5379 5313
5378 4947
5422 5423
5424 5425
5426 5397
5427 5428
5429 5430
4947 5431
5416 5289
5432 5433
5434 5435
5406 5436
5437 5438
5439 5440
5313 4580
5441 5442
5419 5443
5444 5419
5445 5446
5447 5448
5449 5450
5451 5452
5453 5454
5455 5456
5457 5458
5459 5377
5405 5460
5461 5462
5101 5446
4581 4580
5446 5098
5463 5464
4589 4947
5465 5466
5467 4903
5468 5469
5470 5471
5472 5473
5474 5475
5476 5477
5478 5479
5480 3835
5481 5482
5483 5484
5485 5486
5487 5488
5489 5490
5194 5491
5492 5493
5494 5495
5496 5497
5101 5445
5498 5499
5500 5501
5502 5503
5504 5505
5506 5507
5508 5509
5510 5511
5512 5513
5514 5515
5516 5517
5518 5519
5520 5521
5522 5523
5524 5525
5526 5527
5528 5529
5530 5531
5532 5533
5534 5535
5536 5537
5538 5539
5540 5541
5542 5543
5544 5118
5545 5546
5547 5548
5549 5550
5551 5552
5553 5554
5555 5556
5557 5558
5559 5560
5561 5562
5563 5564
5565 5566
3536 3533
5567 5568
5569 5349
5570 5571
5572 5573
5574 5575
5576 5577
5578 5579
5421 5580
5581 5426
5184 5385
5580 5582
5583 5581
5584 5585
5586 5587
5588 5574
5589 5590
5591 5592
5593 5594
5595 5596
5597 5598
5599 5600
5601 5602
5603 5604
5605 5565
5606 5607
5608 5609
5610 5611
5612 5613
5614 5615
5616 5617
5618 5619
5620 5621
5622 5623
5624 5625
5436 5626
5627 5628
5626 5629
5630 5631
5632 5633
5634 5635
5636 5637
5638 5639
5640 5641
4350 5642
4350 5643
5644 4371
5645 4371
5646 5647
5648 5649
5650 5651
5489 4414
5652 4414
5653 5654
5655 5656
5657 5658
5659 5660
5661 5662
5663 5664
5665 5666
5667 5668
5669 5670
5671 5672
5673 5674
5675 5676
5677 5678
5679 5680
5681 5682
5683 5684
5685 5686
5687 5688
5689 5690
5691 5692
5693 5694
5695 5696
5645 5642
5697 5698
5699 5700
5701 5702
5644 5643
5703 5704
5705 5706
5575 5707
5708 5709
5710 5645
5711 5712
5713 5714
5643 5715
5716 5717
5718 5719
5720 5721
5642 4899
5523 5722
5723 5724
5725 5726
5727 5728
4946 5644
5729 5730
5731 5489
5732 5733
5734 5735
5736 5737
5738 5739
5740 5693
5741 5742
5743 5744
5745 5746
5747 5748
5749 5750
5751 5740
5752 5753
5754 5755
5756 5757
5758 5639
5759 5641
5760 5654
5761 5651
5762 5763
5344 5764
5765 5766
5726 5767
5687 5768
5769 5770
5184 5771
5184 5772
3659 5773
5774 5775
5639 5776
5777 5778
5779 5780
5781 5782
5783 5784
5768 5785
5786 5787
5788 5789
5790 5791
5792 5793
5794 5795
5796 5777
5797 5798
5799 5317
5800 5317
5801 5649
5802 5250
5620 5796
5803 5569
5804 5805
5806 5807
4305 5808
5809 5810
5811 5812
5813 5814
5266 5815
5816 5480
5817 5818
5776 5819
5820 5821
5819 5822
5823 5824
5825 5213
5826 5827
5785 5828
5772 5347
5829 5830
5831 5592
5832 5583
5833 5583
5803 5834
5835 5803
5836 5837
5838 5839
5578 5840
5841 5344
5842 5835
5843 5835
5844 5403
5845 5846
5834 5847
5848 5652
3910 5842
5849 5850
5851 5852
5853 5854
5843 5847
5847 5855
5856 5843
5857 5858
5859 5860
5861 5845
5862 5863
5864 5213
5855 5865
5347 5866
5867 3601
5868 5869
5870 5871
5872 5873
5874 5875
4415 5876
5877 5878
5879 5861
5880 5881
5882 5856
5865 5883
5865 5884
5885 5886
5887 5886
5888 5889
5890 5891
5892 5893
5894 5895
5896 5897
5866 5898
5899 5900
5901 5902
5903 5904
5905 5871
5906 5882
5907 5882
5908 5909
5910 5911
5912 5864
5913 5914
5915 5916
5917 5907
5918 5919
5876 5495
5876 5848
5920 5921
3909 5884
5403 5922
5923 5924
5925 3909
5926 5927
5884 5917
5819 5928
5929 5930
5931 5932
5933 5706
5934 5935
5936 5892
5937 5938
5495 5939
5940 5717
5941 5942
5943 5944
5789 5945
5892 5946
5947 5948
4966 5949
5950 5951
5952 5871
5953 5954
5955 5792
5956 5957
5958 5959
5960 5961
5962 5963
5964 5965
5966 5967
5885 5968
5969 5970
5971 5972
5973 5974
5975 5915
5976 5977
5978 5979
5980 5981
5982 5983
5984 5075
5985 5143
5986 5987
5988 5144
5989 5990
5991 5992
5993 3602
5994 5898
5995 5996
5997 5912
5928 5998
5999 5873
6000 6001
6002 4965
6003 4965
6004 6005
6006 5984
6007 6008
6009 5848
6010 6011
6012 6006
6013 6006
6014 5775
6015 6016
6017 5985
6018 5986
6019 5781
6020 5988
6021 6022
6023 6024
6025 6026
6027 5786
6028 6029
6030 6031
6032 6033
5791 6034
6035 6036
6037 6038
6039 6040
6041 6042
4020 6043
6044 6045
6046 5761
6047 5761
6048 6049
6050 6051
6052 4064
6002 6053
6054 6002
6055 6056
5998 6057
6058 6051
6059 6060
6061 6034
6062 6034
6063 6064
6065 6027
6062 6027
6066 6067
6068 6069
5999 6070
6071 6072
6073 6074
6075 6076
6077 6078
6079 6080
6081 6082
6083 6062
6084 6085
6086 6087
6043 6088
6089 6090
6091 6092
6093 6052
6094 6095
6096 6097
6098 6099
6100 6101
6102 6103
4725 6065
6104 6065
6105 6106
6107 6108
6109 6110
6111 6112
6113 6114
6115 6116
6088 6117
6118 6119
6120 6093
6121 6122
6123 6124
6125 6126
6127 6128
6129 6130
6131 6132
6133 6134
6135 6136
6137 6138
6139 6140
6117 6141
5998 4063
6142 6120
6143 6144
6145 6146
6147 6014
6125 6014
6148 6149
6150 6151
6104 6152
6146 6153
6154 6155
6156 6157
5773 5816
6158 5100
6159 6081
6160 6161
6162 6163
6164 5710
5715 6165
5972 5933
6166 6104
4724 6104
6161 6167
6168 6169
6170 6171
6172 6173
6146 6174
6175 5999
6176 6164
6161 6177
6178 6083
4725 6083
5994 6179
5942 5994
6165 6158
6180 6181
6182 6183
6184 6185
5099 6176
6141 6186
6187 6061
6188 6061
6189 6142
6188 4063
6186 6190
6191 6192
6193 6189
6194 6017
6195 6178
6178 6196
6197 6198
6199 6020
6200 6201
6202 4724
6203 6187
6196 6187
6204 6188
6205 6206
6207 6125
6208 6209
3222 3653
6063 6210
6211 6212
6213 6019
6019 6212
6214 6215
6216 6063
6217 6218
6219 6220
6221 6196
6222 6223
6224 6225
6226 6227
6228 6229
6230 6231
6232 6233
6234 6212
6235 6236
6237 6204
6238 6204
6239 6240
6241 6242
6243 6244
6245 6221
6246 6247
6248 6240
6139 6249
5942 6250
6251 6252
6253 6203
6254 6255
6256 6257
6258 6202
6259 6260
6261 6262
6263 6264
6265 6195
6266 6267
6268 6213
6046 6269
6270 6240
6271 6237
6272 6273
6274 6046
6238 6275
6276 6232
6277 6234
6207 6234
6278 5802
6279 6280
6274 6281
6282 6166
6283 6284
6285 6224
6286 6207
6287 6288
6289 6216
5815 6290
6291 6292
6293 6294
6295 6147
6296 6297
6298 6263
6299 6300
6286 6301
6302 6270
5304 6303
6304 6305
6306 6277
6307 6175
6308 6175
6309 6310
6311 6312
6313 6314
6315 6316
6317 6283
6318 6319
6320 6321
6322 6323
6324 6307
6325 6307
6326 6327
6328 6329
6330 6331
6332 6308
6333 6308
6334 6335
6336 6258
6258 6282
6337 6338
6339 6340
6341 6342
6343 6344
6345 6282
6346 6347
6348 6349
6350 6351
6352 6333
6353 6333
6354 5972
4297 6355
6356 6357
6358 6359
6353 6360
6361 6353
6362 4646
6363 6278
4645 6364
6303 6365
6290 6366
6367 6368
6369 6370
6371 6372
6373 6374
5175 6375
6376 6377
6378 6379
6380 6381
6379 6381
6381 6382
6379 6383
6384 6194
6383 6385
6386 6199
6387 5181
4305 6388
6383 6389
6390 6391
6392 6393
6394 6395
6396 6371
6397 6398
6375 6399
6400 6401
6402 6403
6404 6388
6388 6405
6406 6387
6407 6408
6409 6410
6411 6363
6412 6413
6414 6415
6416 6417
6418 6419
6420 6421
6371 6422
6423 6424
6425 6426
6366 6427
6428 6429
6430 6431
6432 6433
6434 6435
6436 4802
6437 6438
6399 6439
6440 6441
6442 6443
6444 6445
6446 6406
6447 6448
6449 6450
6451 6452
6453 6454
6455 6456
6457 6458
6459 6460
6461 6362
6462 6463
6464 6465
6466 6467
6364 6468
6469 6470
6471 6472
6473 6474
6475 6476
6477 6478
6479 6480
6481 6482
6354 6483
6484 6485
6486 6487
6488 6489
6426 6490
6491 6492
6493 6494
6495 6496
6497 6193
6193 6190
6498 6499
6190 6500
6190 6501
6502 6503
6504 6505
6506 6507
6508 6480
6509 6510
6511 6512
6314 6513
6319 6514
6515 6462
6516 6492
6517 6518
6519 6520
6492 6521
5261 6522
6523 6524
6525 6526
6527 5921
6528 6515
6529 6463
6530 6529
6531 6532
6463 6528
6533 6534
6535 6536
6342 6537
6344 6538
6539 6530
6349 6540
6541 6542
6543 6544
6384 6545
6546 6547
6548 6386
6549 6550
6340 6537
6551 6552
6553 6384
6554 6555
6386 6556
6557 6550
6558 6559
6560 6551
6561 6562
6563 6564
6565 6566
6435 6567
6351 6568
6569 6566
6570 6571
6572 6573
6562 6574
6575 6576
6552 6577
6578 6579
6580 6581
6582 6583
6544 6584
6537 6538
6585 6581
6577 6586
6587 6588
6589 6590
6591 6592
6501 6500
6593 6561
6594 6595
6596 6597
6513 6598
6316 6599
6312 6598
6514 6600
6601 6602
6568 6603
6538 6604
6605 5544
6606 6607
6608 5496
6310 6609
6408 6610
6611 6612
6613 5565
5116 6614
6598 6615
6616 6617
6599 6618
6599 6600
6619 6620
6621 6622
6623 6624
6625 6626
6627 6628
6326 6629
6338 6630
6331 6631
6604 6540
6540 6632
6335 6633
6634 6635
6636 6558
6637 6638
6605 6639
6608 6640
6641 6613
6642 6643
6586 5129
6644 6570
6645 6646
6522 6647
6648 6649
4995 6650
6651 5012
5139 6593
5582 6652
6653 6654
6655 6539
6656 6539
6657 5832
6658 6656
6656 6655
6550 6659
6527 6660
6661 6662
6663 6664
6665 5731
6439 6665
5939 6666
6667 6668
6604 6669
6666 6446
6670 6671
6672 6673
6566 6674
6675 6676
6677 6678
6679 6680
6600 6681
6321 6682
6683 6684
6659 6685
6576 6659
6323 6686
6687 6553
6647 6688
6581 6689
6669 6690
6669 6691
6692 6693
6694 6695
6500 6696
6686 6681
6697 6698
6699 6700
6696 6701
6696 6497
6702 6703
6631 6704
6705 6706
6707 6576
6708 6709
6710 6711
6712 6713
6714 6497
6715 6716
6717 5925
6718 5925
6719 6655
6720 6721
6722 5883
5883 6723
6724 6725
6556 6553
6726 6727
6728 6718
6729 6681
6723 6730
6731 6719
6556 6732
6733 6734
6735 6736
6728 6737
6717 6730
6722 6737
6738 6722
6739 6728
6740 6741
6742 6743
6744 6717
6731 6745
6746 6731
6730 6747
6748 6749
6750 6751
6752 6753
6754 6663
6687 6755
6756 6687
6729 6757
6704 6758
6755 6732
6294 6759
6294 6760
6761 6762
6763 6754
6764 6765
6766 6738
6767 6744
6768 6766
6769 6767
6732 6770
4900 6771
6759 6772
6773 4945
6774 6775
6776 6777
6778 6779
6780 6781
6768 6782
6783 6769
6784 6763
6685 6785
6786 6707
6640 6787
6788 6641
6639 6789
6689 6790
6791 6784
6792 6784
6701 6793
6794 6795
6796 5790
6797 6798
6799 6800
6801 6802
6803 6714
6804 6805
6806 6807
6808 5774
5782 6804
6809 6796
6802 6808
5787 6806
6810 6788
6787 6811
6812 6789
6813 6791
6791 6792
6814 6813
6814 6797
4988 6815
6816 6792
6792 6816
6817 4297
6785 6818
6819 6756
6817 6820
6770 6819
6821 6786
6790 6822
6793 6823
6824 6803
6825 6820
6798 6826
4301 6827
6826 6828
6829 4302
6370 6830
6827 6831
6419 6832
5637 6829
6830 6833
6834 6835
6836 6825
6837 6825
6838 6832
6839 6840
6841 6405
6842 6843
6844 6845
6846 6847
4988 6848
6841 6849
6850 6851
6850 6852
6848 6853
6854 6855
6856 6854
6815 6853
6857 6858
4989 6859
5108 6860
5108 6861
6862 6855
6863 6856
6864 6865
6866 6867
6868 6869
6870 6871
6819 6872
6429 6819
6873 6874
6875 6876
6877 6878
6879 6880
6881 6882
6883 6884
6745 6746
6746 6885
6886 6863
6887 6863
6888 6889
6872 6486
6615 6890
6487 6429
6891 6892
6893 6894
6895 6896
6897 6898
6899 6900
6545 6901
6548 6902
6903 5153
6904 6486
6905 6906
6907 6908
6909 6910
6911 6912
6913 6914
6915 6916
6917 6918
6919 6920
6921 6922
6923 6904
6924 6828
6925 6926
6927 6928
6929 6885
6930 6931
6932 6933
6902 6934
6428 6924
6935 6428
6936 6928
6928 6937
6938 6939
6940 6941
6942 6943
6944 6945
6923 6946
6934 6947
6901 6948
6949 6947
6950 6951
6952 6953
6933 6954
6955 6956
6957 6589
6958 6589
6959 6960
6931 6961
6962 6936
6963 6964
6965 6966
6900 6967
6968 6969
6970 6966
6971 5997
6972 6973
6974 6964
6975 6976
6977 6978
6979 6971
6980 6981
6982 6983
6818 6984
6985 6821
6986 6987
6822 6988
6989 6990
6823 6991
6992 6993
6994 6824
6995 6996
6997 6816
6998 6590
6999 7000
6984 7001
7002 6997
7003 6985
6988 7004
7005 6996
6991 7006
7007 7008
7009 6994
6871 7010
7011 7012
7013 6981
7014 7015
7016 7017
7018 7019
6964 6978
6966 7020
6853 6860
7021 7022
6978 6998
7023 7024
6929 7025
7026 6929
6996 6998
7027 7028
7029 7030
7031 7032
7033 7034
6948 7035
7036 6949
6782 7037
7038 7039
7040 6783
6860 7041
7042 6989
7043 7044
7045 7036
7046 7047
7048 7049
6945 7045
7050 7051
7052 7053
7054 6461
6945 7055
7056 7057
7058 6590
7059 7060
7061 7062
7063 7064
7065 7066
7067 7029
7068 7069
7055 7070
7071 7072
7073 7074
7074 7075
7075 7076
7076 7077
7078 7079
7080 7081
7082 7083
7084 7085
7035 7086
7087 7084
7088 7085
7089 7088
7090 7087
7091 7070
7076 7092
7093 7089
7094 6903
7095 7096
7097 7098
7099 7100
7085 7101
6757 7102
7102 7103
7104 7105
7106 7090
7107 7108
7010 7109
7110 7111
7112 7113
6758 7114
7106 7093
7115 7116
7117 7118
7119 7120
7121 7122
7037 7123
7124 7125
7126 7127
7128 7129
7130 7106
7131 7013
7132 7013
7133 7134
7135 7136
7101 7137
7101 7138
7139 7140
7037 7025
7136 7141
7040 7121
6846 7142
7026 7040
7086 7143
6935 7144
7145 7146
7147 7148
7149 7150
7151 7152
7153 7154
7155 7156
7157 7137
7137 7147
7158 7091
7159 7139
7160 7138
7161 7162
7163 7164
7025 7165
7166 7167
7168 7026
7169 7170
7160 7130
7147 7130
7141 7171
7138 7172
7173 7144
7174 7175
7176 5923
7177 5923
7178 7002
7179 7180
7002 7181
7182 7173
7069 7183
7184 7160
7185 7186
7187 7188
7118 7189
7189 7171
7190 7115
7191 7133
7192 7193
7194 7126
7195 7196
7197 7198
7189 7199
6365 6702
6703 7200
7201 7202
7148 6739
6739 7203
6747 7184
6747 7204
7148 7204
7203 7184
7205 6720
6721 6436
7206 7190
7207 7208
7105 7206
7209 7210
7211 7212
7213 7154
7214 7154
7215 7216
7217 7203
7204 7218
7219 7220
7221 7222
7223 7224
7225 7042
7226 7227
7228 7176
7229 7176
7230 7231
7232 7233
7234 7235
6759 7236
7237 7238
7239 7229
7240 7229
7241 7242
7172 6773
7243 6773
6771 7157
6771 7244
7245 7246
7165 7247
7001 7155
7248 7168
7249 7003
7250 7251
7004 7252
7006 7253
7254 7255
7243 7157
7256 7243
7257 7009
7172 7244
7244 5297
7231 7258
7167 7259
7202 7260
7259 7261
7262 7263
7264 7265
7266 7267
7268 7217
7218 7269
7270 7271
7272 7249
7273 7274
7275 7276
7274 7277
7252 7278
7263 7279
7280 7281
7253 7282
7283 7270
7261 7284
7279 7285
7286 7257
7287 7288
7288 7264
7258 7289
7290 7283
7291 7292
7293 7294
7295 7296
7297 7298
7299 7300
7301 7302
7284 7303
7304 7305
7247 7306
7307 7308
7309 7305
7310 7311
7312 7313
7314 7315
7316 7317
7318 7248
7319 7320
7321 7322
7323 7324
7325 7326
7327 7328
7329 7330
7331 7332
7333 7334
7335 7336
7337 7338
7339 7340
7341 7342
7290 7343
7344 7290
7306 7345
7346 7318
7347 7348
7349 7350
7351 7352
7343 7353
7343 7354
7299 7355
7356 7357
7178 7345
7345 7358
7181 7346
7359 7346
7359 7178
7360 7361
7362 7342
7342 7363
7358 7181
7364 7365
7366 7367
7368 7369
7370 7371
7372 7373
7069 7374
7375 7376
7377 7268
7378 7268
7358 7379
7380 7381
7382 7359
7383 7384
7269 7295
7385 7256
7378 7386
7387 7388
7389 7295
7390 7391
7392 7378
7393 7385
7394 7395
7396 7397
7398 7367
7399 7393
5298 7400
7401 7402
7114 7403
7404 7399
7400 7405
7406 7407
7354 7347
7408 7409
7410 7411
7412 7250
7413 7250
7414 7415
7416 7417
7353 7418
7419 7420
7421 7422
6946 7423
7424 7425
7426 7427
7428 7429
7430 7431
7432 7433
7427 7434
7427 7435
7433 7436
7437 7438
7439 7440
7441 7442
7443 4698
7444 7401
7403 7445
7446 7447
6993 7412
7103 5353
7448 7449
7450 7339
5352 7451
7452 7453
7454 7455
7456 7457
7458 7459
7460 7461
7462 7443
7463 7443
7464 7465
7466 7392
7296 7467
4697 7468
4697 7469
7435 7470
7471 7472
7412 7473
7474 7460
7469 7462
7469 7463
7475 7476
7477 7478
7479 7480
7481 7482
7483 7484
7282 6837
7485 7486
7487 7488
7489 7490
7491 7492
6831 7286
6691 5352
7493 7494
7495 7496
7497 7498
7499 7500
6849 7501
7502 7503
7504 7505
7506 7493
7507 7508
7509 7510
7511 7416
7512 7489
7513 7514
7515 7516
7513 7517
7518 7513
7519 7518
5353 7520
7521 7404
7405 7522
7523 7524
7525 7511
7517 7526
7527 7528
7529 7512
7143 7158
7530 7158
7531 7532
7533 7534
7535 7536
7537 7538
7539 7409
7540 7541
7542 7543
7544 5636
7522 7545
7522 7546
7143 7547
7501 7548
7549 7521
7550 7521
7551 7530
7552 7553
7554 7555
7305 7556
7557 7558
7559 7560
7561 7562
7563 7564
7565 7566
7550 7545
7567 7322
7547 7551
7389 7568
7569 7570
7549 7546
7545 7571
7572 7389
7573 7549
7574 7386
7386 7575
7576 7550
7546 7577
7577 7578
7579 7580
7581 7582
7547 7526
7583 7584
7583 7585
7586 7583
7585 7587
7588 7589
7590 7591
7592 7593
7594 7595
7596 7597
7322 7598
7595 7599
7595 7600
7601 7444
7602 7451
7445 7603
7520 7604
7599 7605
7599 7606
7606 7607
7600 7606
7600 7608
7355 7609
7526 7610
7388 7611
7423 7586
7584 7423
7365 7612
7613 7614
7354 7615
7616 7601
7617 7602
7604 7618
7619 7598
7603 7620
7621 7622
7623 7624
7625 7626
7627 7625
7628 7629
7630 7631
7629 7632
7633 7634
7635 7636
7637 7638
7639 7640
7560 7641
7519 7642
7643 7519
7644 7645
7646 7647
7278 7648
7649 7272
7650 7631
7156 7651
7652 7616
7620 7653
7654 7617
7618 7655
7274 7656
7274 7657
7658 7659
7660 7661
7497 7662
7663 7497
7664 7665
7666 7631
7667 7668
7669 6809
7670 6411
7671 7672
6427 7673
7674 7669
7648 7675
7676 7649
7651 7677
7662 7678
7662 7679
7680 7681
7682 7683
7684 7685
7686 7687
7688 7654
7689 7652
7653 7690
7655 7691
7692 7693
7694 7695
7696 7697
7698 7699
7700 7701
7702 7703
7704 7705
7706 7703
7707 7708
7709 7710
7711 7712
7713 7706
7714 7715
7716 7717
7718 7706
7719 7720
7721 7722
7723 7724
7722 7721
7725 7726
7727 7728
7641 7718
7729 7730
7731 7732
7733 7734
7735 7733
7641 7736
7737 7738
7539 7739
7740 7539
7741 7742
7681 7743
7744 7745
7746 7747
7748 7749
7750 7751
7687 7657
7752 7753
7177 7754
7755 7756
7757 7758
7759 7760
7761 7762
7763 7764
7765 7766
7767 7768
7769 7770
7771 7772
7576 7773
7773 7774
7773 7775
7776 7576
7777 7778
7774 7779
7780 7781
7782 7783
7784 7466
7467 7785
7786 6919
7787 6919
7788 7789
7790 7791
7792 7793
7677 7794
7775 7795
7796 7676
7797 7798
7675 7799
7800 7801
7802 7803
7804 7805
7779 7806
7807 7808
7809 7810
7811 7812
7813 7814
7815 7816
7722 7575
7578 7802
7817 7818
7819 7802
7795 7820
6650 7821
7733 7822
7578 7823
7824 7815
7819 7806
7794 7825
7826 7827
7828 7796
7799 7829
7830 7831
7832 7833
7834 7835
7836 7837
7838 7839
7840 7841
7609 7842
7843 7844
7845 7846
7847 7848
7849 7850
7851 7852
7853 7854
7855 7856
7857 7858
7859 7860
7861 7862
7863 7864
7865 7670
7866 7867
7866 7868
7673 7869
7870 7871
7872 7873
7874 7875
7876 7877
7878 7879
7880 7881
7882 7883
7884 7784
7785 7885
7886 7887
7751 7888
7889 7890
7891 7892
7893 7450
7894 7895
7866 7896
7897 7898
7873 7450
7873 7899
7900 7901
7902 7903
7904 7905
7906 7907
7908 7909
7910 7909
7907 7911
7907 7912
7913 7674
7914 7915
6807 7916
7917 7918
7919 6651
7920 7921
7922 7923
7924 7925
7926 7927
7928 7929
7930 7931
7932 7933
7934 7935
7936 7937
7938 7786
7881 7918
7881 7939
7642 7940
7642 7941
7942 7741
7943 7944
7945 7946
7947 7948
7548 7949
7548 7950
7951 7952
7953 7954
7931 7955
7956 7957
7958 7959
7960 7961
7962 7963
7964 7965
7966 7967
7968 7969
7970 7971
7972 7973
7974 7975
7976 7977
7978 7971
7979 7980
7981 7982
7942 7983
7984 7985
7986 7987
7988 7989
7990 7991
7992 7993
7994 7995
7996 7997
7998 7999
8000 8001
7935 8002
7739 7902
8003 8004
8005 8006
7544 8007
8008 8009
8010 8011
8012 7657
8013 8014
8015 8016
8017 8018
8019 8020
8021 8022
8023 8024
8025 8026
8027 8028
8029 8030
8031 8032
8033 7938
8034 8035
8036 7922
7379 8037
7379 8038
8039 7382
8040 7382
8041 8042
8040 8037
8037 8043
8039 8038
8044 8039
7626 8040
8038 7628
8045 8046
8047 8048
8049 8050
6805 8051
8043 6952
6952 8052
8053 8054
8044 7182
7182 8055
8056 8057
8058 8049
8043 8055
8052 8044
8051 8059
8060 7884
8061 7884
8062 8063
7885 8064
8065 7885
8066 8067
8055 8068
8069 8052
8068 8070
8071 8072
7691 8073
8066 8074
8066 8075
8076 8077
8078 8079
8080 8061
8081 8061
8065 7573
8065 8082
8083 8084
8085 8086
8080 7571
8080 8087
8088 7573
8089 8087
8090 8087
8089 8091
8092 8088
8088 8082
8093 8092
8094 7913
8095 7910
8096 8032
7916 8097
6896 8098
7933 8099
8100 8101
8084 8062
8102 8094
8097 8103
8054 8104
8105 8081
8082 8106
8107 8108
8109 8110
8111 8095
8072 8112
8072 8113
8098 8114
8115 8116
8099 8117
8118 8115
7626 8119
8120 8121
8069 7628
8122 8123
8124 8125
8126 8127
8128 8129
8130 8131
8132 8133
8134 8135
8136 7986
8137 8138
7973 8139
8140 8141
8142 8143
8104 8144
8145 8146
8110 8147
8148 8149
8150 8151
8074 8152
8153 8154
8155 8156
8108 8157
8158 8149
8101 8159
8160 8161
8162 8163
8164 7940
8165 8166
8075 8167
8168 8169
8170 8171
8172 8173
8174 8175
8091 8176
8177 8178
8179 8180
8181 8093
8182 8183
8002 8184
8185 7704
8186 8187
8188 8189
8190 8191
8192 8193
8194 8195
8196 8197
8198 8199
8200 8201
8156 8202
8203 8204
8181 8083
8176 8083
8063 8205
8147 8206
8207 8208
8209 8210
8211 8140
8212 8140
8213 8214
8215 8216
8217 8218
8219 8220
8221 8222
8223 8224
8184 8225
8176 8226
8227 8069
8228 8229
8230 7964
5728 8231
8232 8233
8234 8227
8070 8235
8236 8181
8237 8238
8239 8240
8241 8242
8205 8226
8205 8243
8244 8245
8243 8236
8246 8247
8248 8245
8249 8250
8251 8236
7918 8252
8253 8254
8255 8256
8226 8257
8258 8253
8259 8260
8260 8261
8032 8262
8263 8264
8265 8102
8266 8267
8268 8269
8103 8270
8148 8271
8272 8202
8273 8274
8257 8258
8257 8275
8276 8258
7971 7941
7971 8252
8261 8251
8276 8251
8277 8278
8261 8275
8279 8262
8280 7776
8281 8136
8282 8283
8284 8285
8275 8286
8287 8276
8179 8288
8289 8290
8238 7688
7965 7689
8291 8267
8292 8293
8294 8295
8252 8296
7690 5727
8136 8297
8298 8294
8299 8300
8262 8301
8262 8302
8303 8179
8112 8304
8112 8305
8306 8307
8308 8230
8309 8310
8231 8311
8312 8115
8313 8237
8314 8033
8033 8315
8316 8303
8317 8303
8254 7627
8254 8318
8267 8319
7632 8259
8320 8321
8322 8259
8323 8324
8302 8325
8278 8302
8326 8327
8295 8298
8328 8329
8330 8331
8332 8312
8333 8312
8334 8317
7941 8335
8336 8333
8333 8337
8319 8338
8319 8339
8340 8341
8342 8339
8343 8339
8328 8344
8328 8345
8346 8295
8338 8347
8347 8348
8347 8349
8350 8336
8349 8336
8351 8349
8352 8342
8353 8342
8354 8355
8351 8348
8351 8323
8356 8343
8357 8343
8346 8234
8350 8358
8359 8350
8360 8361
8352 8353
8362 8353
8235 8346
8338 8363
8346 8364
8359 8365
8274 8366
8304 8367
8304 8368
8369 8337
8370 8337
8371 8332
8372 8332
8357 8373
8374 8357
8356 8375
8376 8369
8377 8369
8376 8378
8379 8370
8380 8370
8381 8371
8382 8371
8377 8383
8377 8384
8374 8373
8374 8385
8386 8372
8387 8372
8379 8388
8379 8384
8389 8362
8390 8391
8392 8362
8381 8393
8334 8316
8381 8394
8380 8395
8380 8394
8382 8396
8382 8393
8397 8398
8367 8399
8367 8400
8401 7828
8386 8402
8049 8113
8403 8392
8387 8404
8405 8406
8399 8407
8408 8399
8113 8409
8410 8411
8412 8413
8414 7940
8415 8416
8417 8418
8419 8420
8421 8422
8423 8414
8424 8414
8425 8426
8427 8428
7553 8429
8430 8431
8432 8433
8434 8435
8421 8436
8437 8438
8439 8440
8441 8442
8443 8444
8445 8446
8447 8448
8449 8450
8451 8452
8453 8454
8455 8446
8274 8456
8340 8403
8457 8458
8340 8459
7200 8460
8461 7205
8462 8463
8464 8465
8466 8358
8467 8468
8469 8470
8378 8383
8384 8388
8471 8472
8394 8395
8473 8474
8475 8471
8476 7552
8383 8477
8478 8479
8480 8475
8481 8482
8474 8483
8388 8484
8395 8484
8483 8485
8486 8487
8450 8488
8480 8489
8480 8490
8491 8492
8493 8494
8495 8360
8496 8497
8484 8477
8497 8498
8488 8499
8500 8501
8502 8503
8504 8505
8506 8105
8507 8508
8106 8509
8510 8511
8512 8513
8514 8515
8516 8517
8518 8519
8477 8520
8521 8111
8522 8458
8114 8523
8404 8209
8524 8525
8375 8526
8527 8423
8528 8529
8530 8531
8532 8533
8534 8526
8117 8535
8536 8537
8538 8539
8540 8541
8542 8521
8543 8544
8545 8546
8489 8547
8523 8548
8549 8550
8355 8551
8552 8553
8209 8554
8535 8555
8526 8459
8556 8446
8557 8558
8458 8559
8245 8554
8560 8556
8561 8562
8563 8564
8565 8566
8567 8568
8551 8569
8570 8571
8572 8527
8573 8560
8574 8575
8576 8577
8578 8579
8402 8580
8581 8582
8393 8396
8583 8584
8554 8580
7869 8585
8555 8548
8555 8586
8587 8542
8588 8542
8548 8589
8590 8591
8577 8592
8396 8593
8361 8506
8594 8595
8596 8597
8509 8496
8598 8599
8600 8601
7821 8602
8603 7919
8604 8605
8606 8607
8608 8609
8610 8611
8612 8588
8613 8614
8615 8616
8617 8618
8589 8401
8619 8316
8586 8620
8580 8593
8621 8401
8401 8622
8623 8624
8314 8612
8459 8385
8625 8622
8593 8626
8627 8628
8629 8630
8631 8632
8633 8634
8620 8625
8635 8636
8637 8638
8639 8640
8641 8642
8365 8323
8539 8358
8408 8643
8644 8408
8645 8646
8348 8513
8647 8626
8520 8626
8648 8649
8539 8324
8650 8651
8652 8653
8654 8619
8655 8619
8656 8657
8658 8385
8659 8520
8660 8661
8460 8662
8663 8664
8665 8461
8666 8667
8668 8669
8670 8671
8324 8672
8673 8674
8675 8676
8513 8672
8677 8314
8671 8678
8679 8625
8680 8677
8657 8681
8678 8682
8676 8683
8684 8679
8685 8686
8681 8687
8681 8688
8689 8572
8683 8690
8691 8564
8692 8564
8683 8693
8694 8695
8680 8696
8697 8698
8699 8700
8649 7743
8701 8672
8702 7932
8703 8704
8705 8706
8707 8708
8709 8710
8711 8712
8713 8714
8715 8716
8717 8718
8719 8720
8721 8722
8723 8724
8725 8726
8727 8728
8729 8730
8731 8732
8733 8734
8735 8736
7967 8702
8737 8738
8739 8740
8741 8742
8743 8744
8745 8746
8747 8748
8749 8643
8494 8750
8494 8751
8752 8689
8753 8754
8755 8756
8757 8758
8759 8760
8761 8373
8762 8763
8764 8750
8765 8766
8725 8767
8364 8768
8007 8769
8770 8771
7823 8772
8773 8640
8643 8644
8592 8774
8775 8776
8777 8280
8778 8658
8644 8779
8579 7865
8780 8658
8781 8782
8783 8784
8785 8777
8786 8777
8787 8788
8710 8773
8789 8786
8790 8791
8750 8792
8793 8794
8789 8795
8796 8797
8798 8796
8663 8796
8776 8799
8663 8800
8801 8802
8773 8803
8804 8701
8805 8806
8768 8807
8808 8809
8810 8811
8812 8701
8813 8797
8799 8772
8797 8814
7967 8815
8772 8816
8817 8818
8654 8819
8816 8820
8816 8821
8822 8823
8769 8824
8769 8752
8825 8752
8826 8785
8827 8828
8829 8789
8830 8831
8820 8495
8820 8832
8833 8834
8498 8826
8498 8835
8836 8826
8837 8495
8835 8838
8839 8840
8841 8185
8836 8837
8225 8842
8225 8843
8838 8832
8844 8836
8696 8845
8846 8308
8832 8847
8311 8848
8682 8849
8850 8313
8851 8684
8852 8853
8688 8854
8855 8856
8716 8857
8851 8854
8853 8858
8763 8859
8845 8761
8860 8849
8861 8862
8863 8864
8865 8866
8867 8868
8869 8870
8871 8872
8873 8874
8875 8876
8877 8878
8879 8880
8881 8882
8883 8884
8885 8886
8887 8888
8889 8890
8891 8892
8893 8894
8895 8896
8897 8898
8899 8900
8854 8901
8858 8902
8903 8904
8905 8906
8907 8846
8848 8908
8909 8850
8910 8911
8912 8913
8914 8915
8916 8917
8918 8654
8919 8920
8921 8922
8923 8924
8925 8926
8927 8928
8929 8900
8930 8931
8932 8844
8847 8933
8934 8935
8936 8937
8938 8939
8940 8941
8942 8943
8944 8945
8946 8947
8948 8949
8860 8950
8951 8952
8318 8953
8954 8812
8955 8322
8956 8923
8918 8957
8958 8959
8960 8932
8073 8961
8933 8962
8963 8964
8318 8807
8965 8966
8967 8322
8968 8969
8954 8856
8970 8956
8971 8972
8973 8974
8957 8975
8961 8976
8977 8978
8979 8980
8807 8967
8981 8982
8970 8983
8967 8984
8985 8986
8987 8988
8989 8970
8990 8991
8992 8993
8994 8995
8996 8997
8998 8999
9000 9001
9002 9003
9004 9005
9006 9007
8842 9008
9009 9010
9011 8881
9012 9007
9013 8989
8989 9014
9015 9016
8998 9017
9018 8998
9019 9018
9020 9021
9022 9023
9023 9024
9024 9025
9026 9027
9027 9028
9028 9029
9030 9031
9032 9033
9034 9035
9036 9025
9036 9037
9038 9039
9040 9029
9041 9042
9040 9043
9044 9045
9046 8996
9046 9047
9047 9048
9047 9049
9037 9050
9051 9052
9050 9053
9054 9055
9048 9056
9048 9057
9043 9058
9058 9059
9049 9057
9057 8994
9005 8994
9060 9049
9015 9061
9062 9063
9064 8929
9039 9065
8859 9066
9067 8859
9068 9022
8856 9069
8856 9066
9070 9026
9071 9072
9054 9030
9013 9030
9073 9074
9075 9068
9076 9077
9078 9070
9079 9075
9080 9081
9082 9078
9083 9066
9084 9054
9013 9085
9086 9087
9088 9069
9089 9069
9090 9091
9092 9093
9094 9095
9090 9096
8997 9090
9097 9098
9099 9093
9093 9100
9101 9100
9098 9096
9098 9102
9085 9019
9096 9103
9104 9105
9106 9107
9108 9109
9110 9088
9111 9088
9112 9083
9113 9083
9100 9004
9114 9089
9115 9089
9059 9116
9117 9059
9118 9119
9120 9121
9122 9084
9123 9084
9124 8287
8286 9125
9126 9127
9128 9110
9129 9110
9130 9111
9131 9111
9132 9133
9134 9085
9135 9136
9137 9051
9138 9139
8976 9140
8976 9080
9141 9114
9142 9114
9143 9115
9144 9115
9145 9079
9146 5494
5490 9147
9148 9131
9130 9131
6811 9082
9149 9150
9151 6811
9152 9128
9153 9128
9154 9155
9148 9129
9153 9129
9156 9157
9158 9159
9122 9160
9161 9122
9162 9163
9123 9164
9165 9123
9166 9167
9168 9169
9170 9113
9113 9171
9172 9173
8982 9061
9174 9175
9176 9177
9033 9178
9141 9142
9179 9142
9180 9181
9182 9183
9143 9184
9185 9143
9186 9187
9144 9188
9189 9124
9190 9146
9191 9146
9116 9186
9147 9192
9147 9193
9125 9194
9153 9152
9195 9196
9197 9198
9199 9080
8982 9200
9161 9160
9201 9161
9202 9203
9204 9151
9205 9190
9206 9190
9192 9206
9192 9205
9165 9207
9208 9209
9164 9134
9134 9020
9210 9211
9206 9212
9203 9189
9205 9213
9214 9204
9215 9216
6468 9217
9218 9219
9201 9220
9221 9189
9194 9202
9194 9222
9020 9223
9224 9225
9179 9185
9226 9227
9184 9185
9228 9229
9230 9231
9232 9233
9224 9234
9235 9236
9237 9238
9239 9240
9241 9242
9243 9244
9245 9246
9137 9247
9248 9199
9249 9199
9250 9251
9252 9253
9254 9249
9255 9256
9257 9253
9187 9258
8843 9259
9260 9261
9262 9191
9193 9263
9264 9249
9265 9248
8901 9266
9267 9264
9268 9264
9263 9269
9258 9270
9271 9272
9271 9273
9274 7054
9217 9275
9217 9276
9277 9278
9279 9280
9281 9282
9283 9284
9253 9285
9286 9287
9288 9289
9290 9291
9292 9293
9294 9295
9296 9297
9298 9299
9300 9301
9302 9303
9171 9224
9304 9305
9306 9307
9170 9171
9308 9309
9112 9310
9226 9112
9311 9312
9170 9227
8662 8992
9313 9314
8995 8665
9315 9295
9227 9316
9317 9318
9319 9315
9164 9320
9152 9321
9148 9322
9130 9322
9141 9323
9179 9323
9324 9226
9184 9325
9188 9325
9285 9324
9326 9324
9321 9327
9321 9328
9328 9322
9220 9329
9323 9330
9160 9329
9325 9330
9331 9332
9207 9320
9333 9109
9109 9334
9329 9335
9336 9330
9320 9335
9337 9338
9339 9328
9340 9341
9336 9335
9342 9343
9285 9256
9344 9345
9326 9310
9346 9326
9332 9347
9339 9336
9348 9339
9256 9349
9349 9346
9332 9350
9351 9352
9303 9353
9303 9354
9355 8909
8908 9356
9357 8907
9358 9359
9247 9349
9360 9350
9361 9362
9363 9364
9365 9355
9356 9366
9367 9357
9368 9247
9369 9370
9371 9372
9373 9374
9222 9375
9376 9221
9377 9378
9379 9369
9369 9380
9381 9382
9265 9267
9259 9383
9383 9368
9384 9385
9386 9387
9388 9389
9348 9390
9348 9391
9392 9267
9393 9350
9310 9394
9363 9392
9395 9392
9396 9397
9398 9399
9394 9400
9394 9401
9402 9403
9404 9405
9393 9406
9407 9393
9408 9363
9409 9410
9407 9411
8975 9407
7825 9412
9269 9413
9414 9262
9266 9415
9266 9408
9416 9417
9418 9419
9420 9275
9275 9421
9422 9274
9423 9274
8975 9424
9425 9426
9427 9428
9429 9425
9430 8960
9431 9432
9425 9433
9434 9430
9435 9430
9436 9434
9437 9434
9438 9436
9439 9440
9441 9442
9408 7829
9443 9444
9445 9446
9447 9437
9448 9449
9450 9451
9452 9214
9453 9367
9454 9455
9456 8603
9366 9457
9458 9365
9400 9459
9460 9438
9461 9447
9462 9453
9463 9435
9464 9465
9401 9466
9457 9467
9390 9468
9391 9469
9470 9458
9406 9471
9459 9472
9473 9452
8962 9460
9411 9474
9466 9472
9475 9476
9477 9478
9479 9468
9424 9480
9481 9469
9482 9483
9140 9484
9485 9486
9481 9471
9487 9474
9488 9480
9489 9262
9484 9490
9269 9491
9492 9493
9421 9494
9495 9422
9496 9497
9498 9499
9500 9501
9502 9503
9504 9505
9506 9433
9507 9508
9509 9510
9511 9512
9513 9501
9514 9515
9516 9517
9518 9519
9520 9521
9522 9523
9524 9525
9526 9527
9528 9529
9530 9531
9532 9533
9534 9535
9536 9537
9538 9539
9540 9541
9542 9543
9544 9545
9546 9547
9548 9549
9550 9551
9552 9553
9554 9555
9556 9557
9558 9559
9560 9561
9562 9563
9564 9565
9566 9567
9568 9569
9570 9571
9572 9573
9574 9376
9375 9575
9576 9577
9578 9579
9580 9581
9582 9583
9584 9585
9586 9587
9588 9589
9494 9590
9591 9495
9592 4777
4781 9593
9594 9473
9472 9479
7829 9595
9487 9481
9595 8621
9595 9596
9479 9597
9597 9487
9598 8621
9597 9488
9412 9598
9599 9598
9412 9600
9488 9601
9602 9603
9604 9605
8984 9606
8984 9607
9606 9607
9607 9608
9609 9610
9611 9456
8602 9612
9600 9613
9614 9591
9590 9615
9613 9616
9617 9618
9619 9620
9618 9621
9622 9618
9621 9623
9619 9622
9624 9619
9625 9622
9623 9626
9625 9627
9624 9625
9628 9629
9628 9624
9630 9628
9631 9630
9632 9631
9626 9614
9615 9632
9612 9633
9634 9611
9635 9636
9637 9638
9639 9640
9641 9642
9643 9644
9645 9646
9647 9648
9649 9650
9651 9652
9653 9654
9655 9656
9657 9658
9659 9660
9661 9662
9663 9664
9665 9666
9667 9668
9669 9670
9671 9672
9673 9674
9675 9676
9677 9678
9679 9680
9681 9682
9683 9684
9685 9686
9687 9688
9689 9679
9690 9691
9692 9693
9680 9689
9608 9689
9593 9694
9695 9592
9696 9697
9698 9699
9700 9701
9702 9634
9633 9634
9703 9704
9705 9706
9707 9708
9709 9710
9633 9711
9712 9713
9714 9715
9716 9717
9718 9719
9720 9695
9721 9722
9699 9723
9724 9574
9725 9726
9727 9728
9729 9730
9724 9731
9732 9733
9734 9735
9736 9737
9738 9739
9575 9724
9740 9741
9742 9743
9744 9745
9746 9747
9748 9749
9723 9750
9751 9730
9752 9753
9754 9755
9756 9757
9758 9759
9760 9761
9762 9763
9764 9765
9766 9767
9768 9769
9770 9702
9702 9771
9772 9773
9774 9775
9776 9777
9778 9779
9780 9781
9782 9783
9784 9785
9786 9787
9788 9789
9790 9791
9792 9793
9794 9795
9796 9797
9798 9799
9800 9801
9802 9803
9804 9805
9806 9807
9808 9809
9810 9811
9711 9812
9813 9711
9814 9815
9816 9817
9818 9819
9820 9821
9822 9823
9824 9825
9826 9827
9828 9829
9830 9831
9832 9833
9834 9835
9836 9837
9838 9839
9840 9841
9842 9843
9844 9845
9846 9847
9848 9849
9850 9851
9852 9853
9854 9855
9856 9857
9858 9859
9860 9861
9726 9862
9746 9863
9864 9865
9866 9867
9868 9869
9870 9871
9872 9873
9874 9875
9876 9877
9878 9879
9880 9881
9882 9883
9884 9885
9886 9887
9888 9889
9890 9891
9892 9893
9894 9895
9896 9897
9898 9899
9900 9901
9902 9903
9904 9905
9906 9907
9908 9909
9910 9911
9912 9913
9914 9915
9916 9917
9918 9919
9920 9921
9922 9923
9924 9925
9926 9927
9928 9929
9930 9931
9932 9933
9934 9935
9936 9937
9938 9939
9940 9941
9942 9943
9944 9945
9750 9942
9945 9751
9946 9947
9948 9949
9950 9946
9946 9751
9949 9951
9750 9949
9952 9953
9954 9955
9956 9957
9958 9959
9960 9961
9962 9963
